<?xml version="1.0"?>
<opencv_storage>
<LeftCameraInstric type_id="opencv-matrix">
  <rows>3</rows>
  <cols>3</cols>
  <dt>d</dt>
  <data>
    6.9936527007017332e+002 0. 6.5787909981011887e+002 0.
    6.9956938260156028e+002 5.3847199238543192e+002 0. 0. 1.</data></LeftCameraInstric>
<RightCameraInstric type_id="opencv-matrix">
  <rows>3</rows>
  <cols>3</cols>
  <dt>d</dt>
  <data>
    6.9393656647972443e+002 0. 6.5730854019912022e+002 0.
    6.9409047124436847e+002 5.1652887936019681e+002 0. 0. 1.</data></RightCameraInstric>
<LeftCameraDistortion type_id="opencv-matrix">
  <rows>1</rows>
  <cols>12</cols>
  <dt>d</dt>
  <data>
    -3.2466981386980487e-001 1.3017177269032637e-001
    -1.5853018773530858e-005 7.5957976826835499e-004
    -2.5877743621233330e-002 3.9215001580130153e-004
    -2.0027132740568131e-004 1.0402737707754896e-003 0. 0. 0. 0.</data></LeftCameraDistortion>
<RightCameraDistortion type_id="opencv-matrix">
  <rows>1</rows>
  <cols>12</cols>
  <dt>d</dt>
  <data>
    -3.2551395719861603e-001 1.3196823645655870e-001
    -2.0890097504471043e-004 8.2109933985649369e-004
    -2.7803902758435393e-002 -8.2566502258511076e-005
    1.8856961316045134e-004 8.3455386062889218e-004 0. 0. 0. 0.</data></RightCameraDistortion>
<R1 type_id="opencv-matrix">
  <rows>3</rows>
  <cols>3</cols>
  <dt>d</dt>
  <data>
    9.9996857558646768e-001 4.2200343497671372e-003
    -6.7111213412999722e-003 -4.1838706495675041e-003
    9.9997670207919198e-001 5.3935633129183098e-003
    6.7337260085745896e-003 -5.3653153597487992e-003
    9.9996293447563944e-001</data></R1>
<R2 type_id="opencv-matrix">
  <rows>3</rows>
  <cols>3</cols>
  <dt>d</dt>
  <data>
    9.9995548163643899e-001 3.6264510065401861e-003
    8.7111192354668732e-003 -3.5795367051996993e-003
    9.9997903951037470e-001 -5.3951327031361036e-003
    -8.7305018305642215e-003 5.3637107496102426e-003
    9.9994750309442804e-001</data></R2>
<P1 type_id="opencv-matrix">
  <rows>3</rows>
  <cols>4</cols>
  <dt>d</dt>
  <data>
    3.9394381711494174e+002 0. 7.6018944978713989e+002
    -2.3956584392397319e+004 0. 3.9394381711494174e+002
    5.8516311001777649e+002 0. 0. 0. 1. 0.</data></P1>
<P2 type_id="opencv-matrix">
  <rows>3</rows>
  <cols>4</cols>
  <dt>d</dt>
  <data>
    3.9394381711494174e+002 0. 7.6018944978713989e+002 0. 0.
    3.9394381711494174e+002 5.8516311001777649e+002 0. 0. 0. 1. 0.</data></P2>
<T type_id="opencv-matrix">
  <rows>3</rows>
  <cols>1</cols>
  <dt>d</dt>
  <data>
    -6.0796545954233977e+001 -3.0278201074508349e-001
    1.3454368850001630e+000</data></T>
<FocalPoint>427.99000740051270e+000</FocalPoint>
</opencv_storage>
