<?xml version="1.0"?>
<opencv_storage>
<exposure>-1</exposure>
<gain>8</gain>
<whitebalance_r>32</whitebalance_r>
<whitebalance_b>40</whitebalance_b>
<whitebalance_g>7</whitebalance_g>
<LeftCameraInstric type_id="opencv-matrix">
  <rows>3</rows>
  <cols>3</cols>
  <dt>d</dt>
  <data>
    3.9739905078347948e+002 0. 3.0970029177078021e+002 0.
    3.9670134965752675e+002 2.2209356227967947e+002 0. 0. 1.</data></LeftCameraInstric>
<RightCameraInstric type_id="opencv-matrix">
  <rows>3</rows>
  <cols>3</cols>
  <dt>d</dt>
  <data>
    4.0227072251198462e+002 0. 2.9676530574301887e+002 0.
    4.0304578231994589e+002 2.3976451580637257e+002 0. 0. 1.</data></RightCameraInstric>
<LeftCameraDistortion type_id="opencv-matrix">
  <rows>1</rows>
  <cols>8</cols>
  <dt>d</dt>
  <data>
    -4.1923359660651849e-001 2.5847685995677738e-001
    -6.2970147227957231e-004 5.4764779853460092e-004
    -1.6109723757459976e-002 -9.3442211403769754e-003
    1.4146538114943008e-002 1.0111099069498013e-001</data></LeftCameraDistortion>
<RightCameraDistortion type_id="opencv-matrix">
  <rows>1</rows>
  <cols>8</cols>
  <dt>d</dt>
  <data>
    -4.0187656634400393e-001 8.5572230890288231e-002
    -5.1633098356361755e-004 1.0833339838482764e-003
    4.1481253937825854e-002 1.9330341219937715e-002
    -1.7069821766126145e-001 1.3292401540066398e-001</data></RightCameraDistortion>
<R1 type_id="opencv-matrix">
  <rows>3</rows>
  <cols>3</cols>
  <dt>d</dt>
  <data>
    9.9935932292020047e-001 -1.8306390764454505e-002
    3.0754182636796908e-002 1.8213709891651025e-002
    9.9982870015085024e-001 3.2910677057529421e-003
    -3.0809162021404303e-002 -2.7288114336043489e-003
    9.9952156010948490e-001</data></R1>
<R2 type_id="opencv-matrix">
  <rows>3</rows>
  <cols>3</cols>
  <dt>d</dt>
  <data>
    9.9890101572276535e-001 -1.4819957928037536e-002
    4.4464925897148788e-002 1.4953785710740740e-002
    9.9988459802003760e-001 -2.6786069560821484e-003
    -4.4420097714266499e-002 3.3405821826624311e-003
    9.9900735504286242e-001</data></R2>
<P1 type_id="opencv-matrix">
  <rows>3</rows>
  <cols>4</cols>
  <dt>d</dt>
  <data>
    2.2761350683836059e+002 0. -4.2793384552001953e+003
    -1.1468517898735960e+004 0. 2.2761350683836059e+002
    3.6495435600280762e+003 0. 0. 0. 1. 0.</data></P1>
<P2 type_id="opencv-matrix">
  <rows>3</rows>
  <cols>4</cols>
  <dt>d</dt>
  <data>
    2.2761350683836059e+002 0. -4.2793384552001953e+003 0. 0.
    2.2761350683836059e+002 3.6495435600280762e+003 0. 0. 0. 1. 0.</data></P2>
<T type_id="opencv-matrix">
  <rows>3</rows>
  <cols>1</cols>
  <dt>d</dt>
  <data>
    -5.0366756512586804e+001 1.0938258248191697e+000
    -8.5742757197897368e-001</data></T>
<FocalPoint>-3.2798999023437500e+002</FocalPoint>
</opencv_storage>
