<?xml version="1.0"?>
<opencv_storage>
<Mode>0</Mode>
<Exposure>12960</Exposure>
<Gain>8</Gain>
<BLC>32</BLC>
<WhiteBalanceR>1472</WhiteBalanceR>
<WhiteBalanceG>1024</WhiteBalanceG>
<WhiteBalanceB>1336</WhiteBalanceB>
<WhiteBalanceAuto>1</WhiteBalanceAuto>
<LeftCameraInstric type_id="opencv-matrix">
  <rows>3</rows>
  <cols>3</cols>
  <dt>d</dt>
  <data>
    6.7970157255511901e+002 0. 6.0536133655058381e+002 0.
    6.8042527485960966e+002 5.5465392353996174e+002 0. 0. 1.</data></LeftCameraInstric>
<RightCameraInstric type_id="opencv-matrix">
  <rows>3</rows>
  <cols>3</cols>
  <dt>d</dt>
  <data>
    6.8865122458251960e+002 0. 6.1472005979575772e+002 0.
    6.8933034565503726e+002 5.0684212440916116e+002 0. 0. 1.</data></RightCameraInstric>
<LeftCameraDistortion type_id="opencv-matrix">
  <rows>1</rows>
  <cols>8</cols>
  <dt>d</dt>
  <data>
    -4.1335867833577783e-001 2.1178505767332989e-001
    -4.7504756919241204e-004 3.2255999104604089e-003
    3.7887562626108255e-002 -9.2038953879423846e-002
    3.1299065818407031e-002 1.3086219827422665e-001</data></LeftCameraDistortion>
<RightCameraDistortion type_id="opencv-matrix">
  <rows>1</rows>
  <cols>8</cols>
  <dt>d</dt>
  <data>
    -3.0493990540623439e-001 1.3662653080461551e-001
    1.0423167776015031e-003 2.8491358735884113e-003
    5.9120577005421594e-002 3.3803762878286243e-002
    -5.1376486225192128e-002 1.5379685303460996e-001</data></RightCameraDistortion>
<R1 type_id="opencv-matrix">
  <rows>3</rows>
  <cols>3</cols>
  <dt>d</dt>
  <data>
    9.9989337632971764e-001 -1.3329319960629154e-002
    -5.9636567091731069e-003 1.3333406344070171e-002
    9.9991089752301443e-001 6.4597986305001164e-004
    5.9545148603057114e-003 -7.2542684450603058e-004
    9.9998200859249042e-001</data></R1>
<R2 type_id="opencv-matrix">
  <rows>3</rows>
  <cols>3</cols>
  <dt>d</dt>
  <data>
    9.9977730126048470e-001 -1.2839202046508414e-002
    -1.6748217072606403e-002 1.2827713773375438e-002
    9.9991740689173758e-001 -7.9319244304950341e-004
    1.6757017743338598e-002 5.7817446527048781e-004
    9.9985942415453444e-001</data></R2>
<T type_id="opencv-matrix">
  <rows>3</rows>
  <cols>1</cols>
  <dt>d</dt>
  <data>
    -6.1249914523852240e+001 7.5758816805225948e-001
    1.6870717314641153e+000</data></T>
<FocalPoint type_id="opencv-matrix">
  <rows>1</rows>
  <cols>1</cols>
  <dt>f</dt>
  <data>
    4.27989990e+002</data></FocalPoint>
</opencv_storage>
